GLM-4.5-Air layer 8 routed MoE
GPU: NVIDIA GeForce RTX 4090
KTransformers: 64 CPU threads, 2 thread pools
CUDA Graph: on, repeats: 40
Includes GPU-to-CPU copy, CPU routed experts and CPU-to-GPU copy.
Router is excluded; expert IDs are random and unique per token.

Batch size         MoE ms
-------------------------
         1       0.750911
         2       1.096984
         3       1.837431
         4       2.605205
         5       3.148554
         6       4.206871
         7       4.373615
         8       5.906935
         9       6.035474
        10       5.608347
        11       6.011716
        12       6.524345
        13       6.802622
        14       7.806867
        15       7.518603
        16       7.641453
        17       7.979209
        18       8.337802
        19       9.489796
        20       9.590697
        21       9.569915
        22       9.452704
        23       9.526515
        24       9.903909
        25      10.236005
        26       9.977645
        27      10.076412
        28      10.146641
        29       9.762622
        30       9.755480
        31       9.461860
        32      10.837027
        33      10.549399
        34      10.911529
        35      10.580501
        36      11.117076
        37      11.213012
        38      11.261987
        39      11.098329
        40      10.949902
        41      11.461293
        42      11.377975
        43      11.048370
        44      11.676770
        45      11.247836
        46      11.228603
        47      12.199575
        48      11.874926
        49      11.911090
        50      11.666805
        51      11.790838
        52      11.838960
        53      13.265998
        54      12.810520
        55      12.912487
        56      13.602760
        57      13.193280
        58      13.305916
        59      13.579712
        60      13.486804
        61      13.400468
        62      13.391676
        63      13.786657
        64      13.415745
        65      14.169871
        66      13.892858
        67      14.634822
        68      14.146384
        69      13.026249
        70      14.925746
        71      18.673335
        72      20.751554
        73      14.742787
        74      11.827758
        75      11.896023
        76      11.859611
        77      12.082128
        78      11.500761
        79      12.250474
        80      13.108478
        81      12.606634
        82      12.456662
        83      12.713000
        84      13.334194
        85      13.526107
        86      13.406354
        87      13.590997
        88      13.677938
        89      13.592409
        90      13.759386
        91      13.728144
        92      13.658120
        93      13.907415
        94      13.877266
        95      14.062501
        96      13.714806
        97      14.127979
        98      14.158835
        99      13.640130
       100      14.334859
       101      14.338872
       102      14.327919
       103      14.553513
       104      12.921150
       105      12.318300
       106      12.557438
       107      13.326371
       108      13.192486
       109      13.901041
       110      13.887041
       111      13.908489
       112      14.006055
       113      13.518519
       114      14.222594
       115      14.317410
       116      14.043254
       117      14.311401
       118      14.461842
       119      14.511998
       120      14.670218
       121      14.904066
       122      14.707621
       123      14.976529
       124      14.507379
       125      15.135746
       126      14.912293
       127      15.154822
       128      14.945153
       129      14.941453
       130      15.397182
       131      15.236136
       132      15.150634
       133      15.330650
       134      15.461454
       135      15.517711
       136      14.977108
       137      14.412201
       138      14.288545
       139      14.792723
       140      14.432520
       141      14.810514
       142      14.661990
       143      15.122986
       144      16.026358
       145      15.036544
       146      15.282741
       147      14.786982
       148      14.825886
       149      14.959269
       150      14.711677
       151      14.928167
       152      15.043951
       153      15.810112
       154      15.947420
       155      15.438955
       156      15.919870
       157      16.807294
       158      16.714322
       159      15.480021
       160      16.632941
       161      17.218277
       162      16.555548
       163      17.492528
       164      17.461842
       165      18.116114
       166      17.361181
       167      17.946865
       168      17.837126
       169      18.492806
       170      19.469904
       171      18.361343
       172      18.547354
       173      18.190668
       174      17.677944
       175      18.407402
       176      19.031275
       177      19.110497
       178      18.839131
       179      18.841002
       180      18.205672
       181      18.856659
       182      19.621656
       183      19.322979
       184      19.271795
       185      20.183712
       186      21.444976
       187      22.230138
       188      22.121605
       189      21.623266
       190      21.794792
       191      21.171736
       192      20.778992
       193      20.697785
       194      21.234354
       195      22.446718
       196      22.082334
       197      22.133118
       198      22.057599
       199      21.562977
       200      21.091200
       201      20.623369
       202      20.193399
       203      20.757968
       204      21.813613
       205      22.165599
       206      22.476417
       207      22.561619
       208      22.271132
       209      22.209597
       210      21.672108
       211      21.719076
       212      21.323114
       213      21.426923
       214      22.747243
       215      23.196635
       216      23.449555
       217      23.313249
       218      30.159800
       219      32.548773
       220      21.715709
       221      21.818221
       222      23.121445
       223      24.342957
       224      24.419441
       225      23.896276
       226      24.112470
       227      23.921170
       228      23.544107
       229      23.404077
       230      25.876172
       231      27.314916
       232      25.693390
       233      26.219357
       234      26.190486
       235      25.538799
       236      29.176958
       237      30.144432
       238      27.052532
       239      22.794993
       240      22.839581
       241      22.748220
       242      22.690662
       243      22.778513
       244      22.940326
       245      23.036324
       246      23.177466
       247      23.032044
       248      23.237243
       249      23.453016
       250      23.595416
       251      23.644057
       252      23.648895
       253      23.871308
       254      23.857738
       255      24.091838
       256      24.034080
