GLM-4.5-Air layer 8 routed MoE
GPU: NVIDIA RTX A6000
KTransformers: 64 CPU threads, 2 thread pools
CUDA Graph: on, repeats: 40
Includes GPU-to-CPU copy, CPU routed experts and CPU-to-GPU copy.
Router is excluded; expert IDs are random and unique per token.

Batch size         MoE ms
-------------------------
         1       0.240795
         2       0.486753
         3       0.855472
         4       1.193426
         5       1.468272
         6       1.872005
         7       2.133834
         8       2.428908
         9       2.749338
        10       2.080276
        11       2.265832
        12       2.437451
        13       2.659479
        14       2.960138
        15       2.849432
        16       3.138745
        17       3.269798
        18       3.433404
        19       3.754604
        20       3.879205
        21       3.867200
        22       3.812031
        23       4.127017
        24       4.221740
        25       4.438843
        26       4.258287
        27       4.397272
        28       4.604604
        29       4.649399
        30       4.619240
        31       4.586553
        32       4.865178
        33       4.847678
        34       5.024642
        35       4.803316
        36       5.161560
        37       5.210234
        38       5.292570
        39       5.205359
        40       5.334966
        41       5.430457
        42       5.420600
        43       5.512407
        44       5.583709
        45       5.532841
        46       5.676350
        47       5.705905
        48       5.821489
        49       5.867337
        50       5.831035
        51       6.030405
        52       6.007542
        53       6.144205
        54       6.163271
        55       6.132907
        56       6.300957
        57       6.356331
        58       6.424912
        59       6.517575
        60       6.554862
        61       6.502841
        62       6.624578
        63       6.781812
        64       6.797323
        65       6.836749
        66       6.924539
        67       6.995662
        68       7.179308
        69       7.249048
        70       7.221713
        71       7.204201
        72       7.314171
        73       7.425395
        74       7.469900
        75       7.544344
        76       7.505128
        77       7.533605
        78       7.575574
        79       7.670238
        80       7.700430
        81       7.778868
        82       7.915935
        83       7.866681
        84       7.932689
        85       8.132704
        86       8.101668
        87       8.168975
        88       8.204953
        89       8.189553
        90       8.360261
        91       8.409791
        92       8.466571
        93       8.502038
        94       8.586846
        95       8.650080
        96       8.696773
        97       8.793814
        98       8.867508
        99       8.874753
       100       9.153482
       101       9.210208
       102       9.486265
       103       9.352497
       104       9.324149
       105       9.402352
       106       9.426363
       107       9.444570
       108       9.589086
       109       9.659708
       110       9.704854
       111       9.738643
       112       9.843041
       113       9.890789
       114       9.959568
       115      10.085366
       116      10.145872
       117      10.172837
       118      10.353339
       119      10.332643
       120      10.386740
       121      10.482300
       122      10.538476
       123      10.700523
       124      10.637030
       125      10.769118
       126      10.830368
       127      11.138194
       128      11.168385
       129      11.273698
       130      11.324480
       131      11.294656
       132      11.266773
       133      11.410912
       134      11.423738
       135      11.449584
       136      11.588281
       137      11.680293
       138      11.708150
       139      11.749202
       140      11.836500
       141      11.945664
       142      11.999798
       143      12.047535
       144      12.132680
       145      12.236754
       146      12.315904
       147      12.317206
       148      12.371442
       149      12.546429
       150      12.714868
       151      12.824050
       152      12.994734
       153      13.029456
       154      12.902043
       155      12.953029
       156      13.021655
       157      13.116865
       158      13.138598
       159      13.366404
       160      13.282715
       161      13.401648
       162      13.478555
       163      13.542049
       164      13.585885
       165      13.641032
       166      13.823978
       167      13.797611
       168      13.887166
       169      13.977793
       170      14.058549
       171      14.219579
       172      14.537274
       173      14.372957
       174      14.397847
       175      14.411431
       176      14.517117
       177      14.537878
       178      14.571111
       179      14.667814
       180      14.681064
       181      14.752385
       182      14.804776
       183      14.922846
       184      15.047997
       185      15.064220
       186      15.113538
       187      15.220667
       188      15.275771
       189      15.615000
       190      15.829031
       191      15.952631
       192      15.712531
       193      15.729333
       194      15.781192
       195      15.802096
       196      15.982567
       197      15.993409
       198      16.042173
       199      16.166020
       200      16.144809
       201      16.293377
       202      16.314921
       203      16.457824
       204      16.475269
       205      16.582727
       206      16.813077
       207      17.026911
       208      16.943495
       209      17.012589
       210      16.876644
       211      17.031274
       212      17.119255
       213      17.179915
       214      17.231349
       215      17.430294
       216      17.381492
       217      17.508101
       218      17.582647
       219      17.555642
       220      17.707194
       221      17.804454
       222      18.126954
       223      18.331844
       224      18.132877
       225      18.203676
       226      18.212504
       227      18.302960
       228      18.398679
       229      18.397387
       230      18.593701
       231      18.623153
       232      18.535756
       233      18.647594
       234      18.758308
       235      18.784191
       236      18.960860
       237      19.235099
       238      19.277927
       239      19.397709
       240      19.149367
       241      19.164535
       242      19.246957
       243      19.292159
       244      19.401785
       245      19.478516
       246      19.668310
       247      19.643725
       248      19.742721
       249      19.804886
       250      19.896330
       251      20.250111
       252      20.474057
       253      20.356851
       254      20.222517
       255      20.180461
       256      20.268047
