GLM-4.5-Air layer 8 routed MoE
GPU: NVIDIA GeForce RTX 4090
KTransformers: 128 CPU threads, 2 thread pools
CUDA Graph: on, repeats: 40
Includes GPU-to-CPU copy, CPU routed experts and CPU-to-GPU copy.
Router is excluded; expert IDs are random and unique per token.

Batch size         MoE ms
-------------------------
         1       0.719897
         2       0.943145
         3       1.623077
         4       2.078260
         5       2.912869
         6       4.058998
         7       4.479618
         8       5.414245
         9       5.730263
        10       6.486721
        11       6.679322
        12       7.452765
        13       7.404642
        14       8.206910
        15       7.876340
        16       8.769261
        17       8.857611
        18       9.516599
        19      10.115895
        20      10.609804
        21      10.521560
        22      10.196560
        23      10.950832
        24      11.396276
        25      12.127955
        26      11.186999
        27      11.327985
        28      12.260182
        29      12.048909
        30      11.480406
        31      11.528793
        32      12.926599
        33      11.541259
        34      13.268104
        35      11.665720
        36      12.691222
        37      14.091245
        38      13.753494
        39      13.700423
        40      13.594343
        41      13.861406
        42      14.131627
        43      13.855508
        44      14.173233
        45      13.886052
        46      14.271554
        47      14.300641
        48      14.299557
        49      14.412524
        50      14.185049
        51      14.677503
        52      15.042425
        53      14.714165
        54      14.664545
        55      14.499757
        56      14.759197
        57      14.213555
        58      14.579890
        59      14.554990
        60      14.251143
        61      13.757230
        62      13.904992
        63      14.051635
        64      18.191179
        65      20.676827
        66      17.371758
        67      14.095937
        68      14.056146
        69      14.234376
        70      14.121962
        71      14.401455
        72      14.311654
        73      14.428763
        74      14.139886
        75      14.160357
        76      14.051660
        77      14.751324
        78      14.895255
        79      14.957439
        80      14.007084
        81      14.773058
        82      14.677589
        83      14.960628
        84      14.730698
        85      14.188951
        86      15.026300
        87      15.403991
        88      14.873113
        89      15.185246
        90      14.931367
        91      15.827733
        92      15.575372
        93      14.864459
        94      15.798305
        95      15.184059
        96      15.532962
        97      15.832679
        98      15.374783
        99      15.962668
       100      15.328138
       101      16.080729
       102      16.298838
       103      16.069666
       104      16.116922
       105      15.172130
       106      15.527206
       107      15.398715
       108      16.374626
       109      16.669081
       110      15.091407
       111      16.320213
       112      15.339098
       113      16.345843
       114      16.214745
       115      16.151092
       116      16.519989
       117      15.085783
       118      15.512584
       119      15.669744
       120      15.042688
       121      15.252986
       122      14.930485
       123      15.480747
       124      15.565674
       125      14.707388
       126      15.537202
       127      16.737386
       128      16.019764
       129      15.376052
       130      15.673035
       131      16.015587
       132      15.514649
       133      15.184367
       134      15.910926
       135      16.261238
       136      16.777797
       137      18.244207
       138      17.431359
       139      17.013933
       140      16.821396
       141      14.677849
       142      16.223614
       143      15.151379
       144      14.508963
       145      14.923087
       146      14.501882
       147      15.771061
       148      14.599467
       149      14.817526
       150      14.709968
       151      14.140435
       152      14.350607
       153      14.331390
       154      14.185930
       155      14.842734
       156      14.937074
       157      14.285016
       158      14.646526
       159      14.059602
       160      14.075585
       161      14.452683
       162      13.970402
       163      13.869699
       164      14.265647
       165      15.877746
       166      16.213338
       167      15.022636
       168      15.141351
       169      17.585311
       170      16.370525
       171      17.141952
       172      16.492961
       173      17.223634
       174      18.005273
       175      16.321388
       176      14.594066
       177      15.627790
       178      16.438516
       179      17.533994
       180      17.215343
       181      17.067646
       182      17.895260
       183      16.296712
       184      16.668673
       185      18.327139
       186      17.653214
       187      17.371745
       188      18.249965
       189      20.414704
       190      19.617942
       191      20.308641
       192      19.021761
       193      16.698803
       194      17.011718
       195      17.407614
       196      17.501678
       197      17.288176
       198      17.780590
       199      16.759238
       200      17.519527
       201      17.398012
       202      17.619226
       203      17.472412
       204      18.000631
       205      17.210358
       206      17.387113
       207      16.984749
       208      15.523603
       209      34.577580
       210      27.552388
       211      15.488489
       212      15.845824
       213      15.435406
       214      15.658861
       215      17.261694
       216      16.363410
       217      16.361970
       218      16.002172
       219      17.637408
       220      17.149747
       221      17.240987
       222      17.350525
       223      17.507830
       224      17.739904
       225      17.032239
       226      17.037976
       227      17.454667
       228      17.618962
       229      17.453088
       230      16.965902
       231      17.294110
       232      17.854516
       233      17.592679
       234      17.900431
       235      16.523540
       236      16.002740
       237      16.151914
       238      16.407132
       239      16.458138
       240      16.929045
       241      17.040796
       242      16.873065
       243      16.889798
       244      16.870892
       245      17.067742
       246      17.258611
       247      17.161750
       248      16.689891
       249      16.576357
       250      17.088755
       251      17.235289
       252      17.339978
       253      17.418772
       254      17.288139
       255      17.265515
       256      17.309374
