GLM-4.5-Air layer 7 GPU overlap path
GPU: NVIDIA GeForce RTX 4090
Attention backend: fa
Batch size: 1, CUDA Graph: on, repeats: 100
Includes norms, attention, shared expert and MoE router; excludes routed experts.

  Sequence         GPU ms
-------------------------
      2000       0.153958
      4000       0.181105
      6000       0.189397
      8000       0.201103
     10000       0.208606
     12000       0.208374
     14000       0.217016
     16000       0.226785
     18000       0.235725
     20000       0.245289
     22000       0.255138
     24000       0.263555
     26000       0.272210
     28000       0.280592
     30000       0.290519
     32000       0.298597
     34000       0.308344
     36000       0.315279
     38000       0.327598
     40000       0.334285
     42000       0.342168
     44000       0.352922
     46000       0.361656
     48000       0.369049
     50000       0.376904
     52000       0.388270
     54000       0.395837
     56000       0.404807
     58000       0.411884
     60000       0.422624
     62000       0.431391
     64000       0.437993
     66000       0.450589
     68000       0.457411
     70000       0.464700
     72000       0.472156
     74000       0.483786
     76000       0.491725
     78000       0.502445
     80000       0.510915
     82000       0.518356
     84000       0.526684
     86000       0.534702
     88000       0.544891
     90000       0.554565
     92000       0.561202
     94000       0.568566
     96000       0.580392
     98000       0.589210
    100000       0.595750
    102000       0.607628
    104000       0.614472
    106000       0.623736
    108000       0.629870
    110000       0.641237
    112000       0.651509
    114000       0.658452
    116000       0.664237
    118000       0.675174
    120000       0.684114
    122000       0.691384
    124000       0.701522
    126000       0.711404
    128000       0.717269
    130000       0.725401
    132000       0.738856
    134000       0.746803
    136000       0.753202
    138000       0.763679
    140000       0.771195
    142000       0.779295
    144000       0.787238
    146000       0.799212
    148000       0.805909
    150000       0.815716
    152000       0.821770
    154000       0.833905
    156000       0.841727
    158000       0.850757
