GLM-4.5-Air layer 7 GPU overlap path
GPU: NVIDIA GeForce RTX 4090
Attention backend: fi
Batch size: 1, CUDA Graph: on, repeats: 100
Includes norms, attention, shared expert and MoE router; excludes routed experts.

  Sequence         GPU ms
-------------------------
      2000       0.111032
      4000       0.162836
      6000       0.171356
      8000       0.180244
     10000       0.188928
     12000       0.197506
     14000       0.206213
     16000       0.208790
     18000       0.216309
     20000       0.225546
     22000       0.233810
     24000       0.243876
     26000       0.251011
     28000       0.259738
     30000       0.268909
     32000       0.276388
     34000       0.285604
     36000       0.294308
     38000       0.302520
     40000       0.311633
     42000       0.319191
     44000       0.328755
     46000       0.337079
     48000       0.345251
     50000       0.354601
     52000       0.362975
     54000       0.371425
     56000       0.379873
     58000       0.388740
     60000       0.397310
     62000       0.405924
     64000       0.413993
     66000       0.424581
     68000       0.431473
     70000       0.440371
     72000       0.451031
     74000       0.457102
     76000       0.467118
     78000       0.474655
     80000       0.483318
     82000       0.492739
     84000       0.501093
     86000       0.507525
     88000       0.516260
     90000       0.525013
     92000       0.533965
     94000       0.542003
     96000       0.551875
     98000       0.559419
    100000       0.567570
    102000       0.576192
    104000       0.585380
    106000       0.593387
    108000       0.602911
    110000       0.610322
    112000       0.618947
    114000       0.627167
    116000       0.635894
    118000       0.645713
    120000       0.652821
    122000       0.661361
    124000       0.669704
    126000       0.678840
    128000       0.686725
    130000       0.696125
    132000       0.705864
    134000       0.713595
    136000       0.722022
    138000       0.730603
    140000       0.738673
    142000       0.747694
    144000       0.756388
    146000       0.764333
    148000       0.772659
    150000       0.781763
    152000       0.790170
    154000       0.799048
    156000       0.806932
    158000       0.815913
