GLM-4.5-Air layer 7 GPU overlap path
GPU: NVIDIA RTX A6000
Batch size: 1, CUDA Graph: on, repeats: 100
Includes norms, attention, shared expert and MoE router; excludes routed experts.

  Sequence         GPU ms
-------------------------
      2000       0.195676
      4000       0.208681
      6000       0.219392
      8000       0.231649
     10000       0.236739
     12000       0.248586
     14000       0.259809
     16000       0.271319
     18000       0.282665
     20000       0.294328
     22000       0.306176
     24000       0.317512
     26000       0.329298
     28000       0.340204
     30000       0.352512
     32000       0.363069
     34000       0.375665
     36000       0.386191
     38000       0.398582
     40000       0.409334
     42000       0.421263
     44000       0.432302
     46000       0.444672
     48000       0.455281
     50000       0.467845
     52000       0.478638
     54000       0.491192
     56000       0.501381
     58000       0.513546
     60000       0.524605
     62000       0.536873
     64000       0.547686
     66000       0.559759
     68000       0.570501
     70000       0.582574
     72000       0.593398
     74000       0.606147
     76000       0.616663
     78000       0.628992
     80000       0.639498
     82000       0.652155
     84000       0.662487
     86000       0.674109
     88000       0.685261
     90000       0.697324
     92000       0.708557
     94000       0.720107
     96000       0.732109
     98000       0.743413
    100000       0.755098
    102000       0.765768
    104000       0.777717
    106000       0.789064
    108000       0.800993
    110000       0.811909
    112000       0.823962
    114000       0.834826
    116000       0.846940
    118000       0.858081
    120000       0.869437
    122000       0.880906
    124000       0.892938
    126000       0.903424
    128000       0.915528
    130000       0.926659
    132000       0.939049
    134000       0.949914
    136000       0.961956
    138000       0.973640
    140000       0.985098
    142000       0.995881
    144000       1.008230
    146000       1.019341
    148000       1.031229
    150000       1.042186
    152000       1.053747
    154000       1.065011
    156000       1.077309
    158000       1.088625
