GLM-4.5-Air layer 7 GPU overlap path
GPU: NVIDIA GeForce RTX 4090
Batch size: 1, CUDA Graph: on, repeats: 100
Includes norms, attention, shared expert and MoE router; excludes routed experts.

  Sequence         GPU ms
-------------------------
      2000       0.120023
      4000       0.151540
      6000       0.171325
      8000       0.179975
     10000       0.188884
     12000       0.197192
     14000       0.198779
     16000       0.209316
     18000       0.216122
     20000       0.224778
     22000       0.233500
     24000       0.241705
     26000       0.250378
     28000       0.258867
     30000       0.268022
     32000       0.275794
     34000       0.285358
     36000       0.293120
     38000       0.301749
     40000       0.311468
     42000       0.318771
     44000       0.328192
     46000       0.336036
     48000       0.344627
     50000       0.353626
     52000       0.362361
     54000       0.371517
     56000       0.379146
     58000       0.388649
     60000       0.396636
     62000       0.404869
     64000       0.414454
     66000       0.422062
     68000       0.430746
     70000       0.439654
     72000       0.448123
     74000       0.456704
     76000       0.465265
     78000       0.474448
     80000       0.482335
     82000       0.490711
     84000       0.500060
     86000       0.507412
     88000       0.515604
     90000       0.524329
     92000       0.533402
     94000       0.541184
     96000       0.550031
     98000       0.558735
    100000       0.567071
    102000       0.575384
    104000       0.583885
    106000       0.592998
    108000       0.601190
    110000       0.609544
    112000       0.618312
    114000       0.626852
    116000       0.635760
    118000       0.644843
    120000       0.652308
    122000       0.660950
    124000       0.669327
    126000       0.678110
    128000       0.687247
    130000       0.694948
    132000       0.704041
    134000       0.713000
    136000       0.721009
    138000       0.730244
    140000       0.738621
    142000       0.799662
    144000       0.755135
    146000       0.764088
    148000       0.772628
    150000       0.780984
    152000       0.789185
    154000       0.797942
    156000       0.807127
    158000       0.815841
